1 516324 42 
2 27605 48 
3 53171 93 
4 30983 16 
5 61305 40 
6 46367 34 
7 523393 24 
8 51185 105 
9 509656 42 
10 61405 60 
11 27772 42 
12 27619 12 
13 27875 110 
14 46035 21 
15 525719 18 
16 27933 1 
17 27883 26 
18 55999 11,5 
19 51495 162 
20 4651 34 
21 27289 7 
22 53973 156 
23 56155 28,5 
24 562974 5 
25 54169 41 
26 27752 40 
27 52285 136 
28 530665 16 
29 27892 1 
30 27794 60 
31 53149 16 
32 50881 46 
33 55303 250 
34 52055 66 
35 50133 9 
36 676844 54 
37 509414 0,5 
38 27837 3 
39 502122 96 
40 52003 34 
41 27828 3 
42 27793 4 
43 54103 74 
44 54367 15,5 
45 525131 91 
46 27943 24 
47 27923 25 
48 26096 12 
49 52063 146 
50 27351 0,28 
1 60805 27 
2 644815 -16 
3 27737 200 
4 58457 26 
5 644824 -0,25 
6 649917 0,96 
7 654477 -0,28 
8 654478 -0,28 
9 27714 16 
10 60857 33 
11 651049 90 
12 654463 10 
13 27722 4,5 
14 27738 -4 
15 679835 10 
16 513334 5 
17 26465 200 
18 658904 1 
19 27710 0 
20 27716 10 
21 647144 2 
22 27727 2 
23 27717 10 
24 61155 -15 
25 513355 10 
26 672888 58 
27 670466 -4 
28 61205 11 
29 27709 10 
30 676845 65 
31 649891 -2 
32 685343 13 
33 60957 12 
34 26461 2 
35 656243 8 
36 60655 20 
37 26451 10 
38 60755 0 
39 60555 23 
40 60455 29 
41 27732 -4 
42 676890 10 
43 27708 10 
44 649593 11 
45 661279 52 
46 27730 20 
47 27712 8 
48 27740 40 
49 27725 6 
50 654475 -3
1 72765 164 
2 72001 2744 
3 275869 33 
4 27165 4 
5 25721 96 
6 27133 6 
7 245360 5 
8 27069 340 
9 676923 12 
10 520901 24 
11 25571 40 
12 25681 48 
13 71927 1372 
14 501685 15 
15 909 10 
16 27097 27 
17 75173 16 
18 72105 2 
19 27139 2 
20 523989 30 
21 27044 8 
22 279869 2 
23 27125 12 
24 245378 17 
25 628742 15 
26 630090 27 
27 25609 78 
28 689030 54 
29 75743 8 
30 74695 4,5 
31 660893 40 
32 245350 15 
33 25891 108 
34 27195 45 
35 25739 9 
36 541050 7,92 
37 75511 300 
38 5021 2 
39 27171 60 
40 275369 17 
41 25589 58 
42 27098 8 
43 266507 35 
44 27163 10 
45 27061 4 
46 27113 6 
47 318147 378 
48 530819 3 
49 639908 35 
50 324301 1,5 
1 283659 0,90 
2 321059 0,125 
3 688771 0,991 
4 320851 0,4 
5 286243 0,24 
6 505397 0,4 
7 321305 0,13 
8 286083 0,2 
9 286189 0,35 
10 322521 0,5 
11 1001 0,95 
12 642397 0,16 
13 508773 0,08 
14 283651 0,93 
15 321005 0,5 
16 642314 0,22 
17 320345 0,2 
18 642318 0,2 
19 676847 0,36 
20 286351 0,7 
21 320184 4 
22 320195 0,006 
23 525368 0,6 
24 508751 0,1 
25 1014 0,2 
26 640510 0,83 
27 504533 0,2 
28 635955 0,005 
29 680503 0,125 
30 321061 0,25 
31 321399 0,4 
32 286031 0,275 
33 674489 0,3 
34 509433 0,1 
35 680784 0,47 
36 1028 0,35 
37 530424 0,2 
38 650948 0,17 
39 640511 0,017 
40 512326 0,51 
41 639473 0,5 
42 1009 0,875 
43 320186 0,33 
44 676924 0,36 
45 504405 0,25 
46 504230 0,26 
47 627978 0,15 
48 321685 0,005 
49 683038 0,12 
50 283821 0,3 
1 320443 0,52 
2 508840 0,2 
3 508866 0,8 
4 680785 0,89 
5 321791 0,12 
6 508806 0,167 
7 663478 0,167 
8 501543 0,022 
9 562240 0,25 
10 509316 0,91 
11 509311 0,1 
12 508877 0,3 
13 624078 0,98 
14 508850 1,05 
15 674962 0,24 
16 508819 0,43 
17 320206 0,392 
18 508791 0,11 
19 628364 0,9951 
20 508808 0,64 
21 508764 1 
22 508836 5 
23 508892 0,2 
24 508851 5,25 
25 639909 0,15 
26 663473 0,5 
27 549305 0,2 
28 508846 0,15 
29 320465 0,28 
30 508868 0,875 
31 526004 0,125 
32 656246 0,973 
33 509313 0,88 
34 508780 1,2 
35 320202 0,02 
36 508820 0,325 
37 325839 0,6128 
38 663474 0,167 
39 501061 0,91 
40 324629 0,08 
41 508870 0,125 
42 508817 0,875 
43 642317 0,0009 
44 508795 0,24 
45 508869 0,9 
46 320999 0,5 
47 508878 0,4 
48 320174 0,9975 
49 508830 5 
50 509348 0,6 
1 26655 12,5 
2 509917 -2 
3 103523 1 
4 511021 -3 
5 12245 -4 
6 77382 12 
7 639911 -11 
8 102881 4 
9 656619 -3 
10 504231 -6 
11 26662 13 
12 13173 -2 
13 315541 84,5 
14 26663 -5 
15 530816 -3 
16 522086 3,5 
17 509879 4,5 
18 103525 -0,75 
19 676926 3 
20 99623 -4 
21 559593 -5 
22 501185 -7 
23 105891 10 
24 520691 3,5 
25 77370 -4 
26 100257 4 
27 27471 -29 
28 12891 -4 
29 505164 4 
30 105691 0,4 
31 523367 -80 
32 680786 0,75 
33 100259 1,5 
34 101381 -3 
35 104015 4 
36 283063 -5 
37 501034 -4 
38 509413 -0,2 
39 514178 93 
40 77376 -1 
41 106393 5,1 
42 628261 -6 
43 104197 -0,2 
44 26668 -9 
45 670470 -15 
46 26658 -42 
47 103517 1 
48 3045 4 
49 3141 6 
50 2949 12,5 
1 63051 16 
2 67895 2187 
3 639476 3 
4 26892 12 
5 63459 -50 
6 26823 -17 
7 26737 6 
8 86985 20 
9 64625 0,6 
10 67331 18 
11 98467 31 
12 509601 3,4 
13 26815 7 
14 522090 8 
15 26859 0 
16 64149 -30 
17 530429 8 
18 66359 2 
19 68257 4 
20 525092 46 
21 85483 15 
22 64623 0,4 
23 93721 4 
24 661018 1,5 
25 65659 3 
26 502305 -3 
27 26851 2 
28 26828 121 
29 61845 9 
30 98969 86 
31 67859 5 
32 520185 319 
33 66871 8 
34 510424 -0,2 
35 85499 0 
36 26803 1 
37 525373 80 
38 26850 -1 
39 501701 -19 
40 64555 1 
41 94383 36 
42 86483 14 
43 63277 3 
44 26843 8 
45 66813 3 
46 67281 7 
47 95369 0,008 
48 65487 2 
49 61457 18,75 
50 84983 -80 
1 318139 -2 
2 323475 6,75 
3 672894 0,25 
4 123711 8 
5 504233 1 
6 124215 14 
7 9629 1 
8 323373 8 
9 27493 -1 
10 323175 8 
11 525701 2 
12 501059 6 
13 522088 8 
14 530893 1 
15 122211 1 
16 323185 3 
17 7545 -4 
18 54801 -0,6 
19 8057 -17 
20 122745 11 
21 6041 -4 
22 323383 6 
23 123211 35 
24 323183 7 
25 656079 2 
26 119974 7 
27 122715 8 
28 7807 1 
29 9101 -2 
30 500890 12 
31 509919 4 
32 6417 2 
33 120715 24 
34 119976 20 
35 317542 5 
36 512497 6 
37 323283 12 
38 119979 7 
39 551780 3 
40 525689 3,6 
41 641920 4 
42 8539 5 
43 514019 0,5 
44 323078 7 
45 541049 15 
46 523369 4 
47 119975 60 
48 559595 -3 
49 40131 -3 
50 647150 5 
1 42963 7,6 
2 513932 0,01 
3 41313 7 
4 28489 4,5 
5 28321 188 
6 509575 0,27 
7 500894 25 
8 525093 4,4 
9 27976 400 
10 524047 0,18 
11 27987 1 
12 28531 30 
13 501192 4 
14 43101 11,2 
15 42867 3 
16 689032 7500 
17 27968 2 
18 28008 30 
19 41971 34,5 
20 28419 0,512 
21 27995 30 
22 319859 35 
23 548380 6400 
24 665318 5 
25 27984 1,25 
26 621899 45 
27 679996 9 
28 513893 0,16 
29 42999 3,5 
30 41113 62,5 
31 42793 21 
32 519537 45 
33 263861 0,06125 
34 524069 0,05 
35 41691 3 
36 28665 60 
37 563892 7 
38 509622 4000 
39 509497 7 
40 28577 30 
41 520696 5 
42 28477 55 
43 42307 8,8 
44 28375 14 
45 317096 0,4 
46 27974 120 
47 28015 40 
48 28071 2,5 
49 525114 8 
50 28709 0,72 
1 507907 114 
2 522120 10 
3 39745 28 
4 5997 2 
5 112277 134500 
6 520206 71 
7 679793 19 
8 108695 17 
9 99579 8 
10 118735 27 
11 513363 84 
12 512396 96 
13 110309 4 
14 114655 435 
15 621770 11 
16 112799 250 
17 108655 16 
18 99621 24 
19 26597 10 
20 99583 18 
21 640516 40 
22 670474 8 
23 562979 27 
24 114653 120 
25 503125 4 
26 514023 27 
27 505447 100 
28 505171 3 
29 112205 52 
30 561768 35 
31 26592 10 
32 117739 200 
33 39507 11 
34 107391 46224 
35 111005 15 
36 39999 22 
37 99592 4 
38 630093 15 
39 113583 50 
40 541053 19 
41 107393 10 
42 525743 7 
43 520493 234 
44 112207 1345600 
45 630180 15 
46 108481 213000 
47 324153 108 
48 99601 616 
49 99588 4 
50 560135 31 
1 509120 24,5 
2 509108 -7 
3 639000 -50 
4 509295 1,5 
5 509277 2,25 
6 509220 -10,25 
7 508981 -0,24 
8 637815 9 
9 508991 1,6 
10 509054 -4 
11 509270 -151 
12 509130 -1 
13 509113 6,5 
14 509178 -15 
15 508911 31 
16 509285 2,25 
17 509291 -2 
18 509000 -2 
19 509035 0,25 
20 508899 14,5 
21 509115 8 
22 660718 81 
23 628269 37 
24 509126 -2 
25 508907 14 
26 509158 39 
27 508966 0,2 
28 509166 -16 
29 509143 -1,5 
30 562284 -11 
31 509099 -8 
32 508955 0,84 
33 509244 1,8 
34 509116 -5 
35 509064 79 
36 508934 -5 
37 509192 0,4 
38 509138 1,5 
39 509121 32 
40 509003 -5 
41 509153 6 
42 509204 -0,25 
43 509025 -11 
44 508926 -10 
45 676931 -2 
46 509256 5 
47 677169 100 
48 660801 0,1 
49 509252 -1,625 
50 509136 1 
1 514464 7 
2 672797 5 
3 523399 8 
4 132697 -3 
5 26729 -3 
6 512494 -3 
7 548264 36 
8 661024 5,1 
9 70087 -33,5 
10 284025 7 
11 245175 2 
12 129903 20 
13 520188 23 
14 501194 -3 
15 130161 -5 
16 26720 -3 
17 4023 0 
18 70783 -33 
19 639673 1 
20 3781 -12 
21 513343 29 
22 26719 8 
23 132377 63 
24 287605 81 
25 561728 37 
26 530823 -8 
27 287003 -7 
28 128253 36 
29 283925 0 
30 688728 -13 
31 70861 33 
32 639109 8 
33 560729 -5 
34 26703 6 
35 77470 -10 
36 71087 120 
37 77419 -4 
38 4279 -11 
39 132263 15 
40 287205 9 
41 500896 8 
42 129871 18 
43 129047 -849 
44 130975 -8 
45 509925 -1 
46 70537 23 
47 502312 -1 
48 510511 6 
49 3383 -1 
50 128023 -14 